0 1 0 3.64
1 1 0 2.71
2 0 1 3.02
3 0 1 3.01
4 0 1 2.92
5 0 1 2.88
6 0 0 3.60
7 1 1 2.45
8 0 1 2.37
9 0 1 2.38
10 0 1 2.47
11 1 1 2.15
12 0 1 2.33
13 0 1 2.29
14 0 1 2.48
15 1 1 2.31
16 1 1 2.34
17 0 1 2.22
18 1 1 2.67
19 1 1 2.34
20 0 1 2.28
21 1 1 2.35
22 1 1 2.60
23 1 1 2.34
24 0 1 2.75
25 0 1 2.37
26 1 1 2.37
27 1 1 3.32
28 1 1 2.24
29 0 1 2.66
30 1 1 2.29
31 1 1 2.35
32 1 1 3.02
33 1 1 2.65
34 1 1 2.38
35 1 1 2.32
36 1 1 2.50
37 0 1 2.57
38 1 1 2.58
39 0 1 2.49
40 1 1 2.31
41 1 1 2.46
42 1 1 2.43
43 1 1 2.44
44 0 1 2.56
45 0 1 2.69
46 0 1 2.64
47 1 1 2.41
48 0 1 2.35
49 1 1 2.41
# Total attaque réussie : 47/50
